[
    {
        "0": [
            -31,
            -4,
            -3,
            10,
            25,
            23,
            25,
            23,
            27,
            30,
            29,
            29,
            29,
            30,
            30
        ],
        "1": [
            -39,
            -5,
            26,
            24,
            26,
            23,
            23,
            23,
            27,
            30,
            30,
            29,
            29,
            30,
            29
        ]
    },
    {
        "0": [
            100
        ],
        "1": [
            100
        ]
    },
    {
        "0": [
            77
        ],
        "1": [
            1
        ]
    },
    {
        "0": [
            [
                0
            ],
            [
                0
            ],
            [
                0
            ],
            [
                1
            ],
            [
                2
            ],
            [
                2
            ],
            [
                2
            ],
            [
                2
            ],
            [
                2
            ],
            [
                2
            ],
            [
                2
            ],
            [
                2
            ],
            [
                2
            ],
            [
                2
            ],
            [
                2
            ]
        ],
        "1": [
            [
                0
            ],
            [
                0
            ],
            [
                2
            ],
            [
                2
            ],
            [
                2
            ],
            [
                2
            ],
            [
                2
            ],
            [
                2
            ],
            [
                2
            ],
            [
                2
            ],
            [
                2
            ],
            [
                2
            ],
            [
                2
            ],
            [
                2
            ],
            [
                2
            ]
        ]
    }
]